# Filename : 16_04_MED11_Fluor_18_4cm _apoyado_50_Centellador_Directo.Chn
# Version: -1
# MCA detector ID: 1
# Start time : 17:17:b'10'
# Start date : 16Apr241
# No channels : 1024
# Live time : 3000
# Real time : 3682
# En cal factors A + B*x + C*x*x
# A : 0.0
# B : 1.0
# C : 0.02
0
4
1
1
13
641
27303
72164
80325
72848
64272
56448
48191
42493
37635
34457
30947
28949
26921
24823
22969
20663
19534
17908
16577
15284
14570
13291
12502
11601
11013
10372
9676
8986
8693
8012
7591
7455
6942
6661
6349
5878
5646
5534
5305
4898
4553
4468
4265
4195
3899
3849
3674
3485
3264
3286
3189
2910
2816
2698
2639
2527
2466
2377
2280
2214
2207
2095
2014
1905
1871
1834
1717
1595
1605
1530
1552
1564
1419
1382
1342
1272
1229
1188
1204
1080
1135
1065
1015
928
912
951
900
853
823
792
789
725
748
682
676
696
617
571
556
570
575
498
475
534
460
444
446
392
444
429
424
371
393
317
321
336
301
336
326
270
262
263
239
215
225
216
214
175
193
173
168
180
169
162
143
136
131
132
114
139
115
97
91
100
104
91
87
71
93
75
58
62
58
54
57
50
44
56
37
32
33
38
45
36
27
41
22
19
28
19
24
21
24
21
17
16
15
17
13
8
14
13
8
8
9
10
6
8
9
15
5
5
4
5
1
3
4
5
2
2
0
1
1
4
2
1
5
2
0
3
1
1
1
3
0
0
0
0
0
0
0
2
1
0
0
1
0
2
0
0
1
0
0
0
0
2
0
0
1
1
0
0
0
0
0
0
0
0
0
0
0
1
0
0
0
0
0
0
0
0
0
0
1
0
1
0
0
1
0
0
1
0
0
0
0
0
0
0
0
0
0
0
0
0
0
0
0
0
0
0
0
0
0
0
0
0
0
0
0
0
0
0
0
0
0
0
0
0
0
0
0
0
0
0
0
0
0
0
0
0
0
0
0
0
0
0
0
0
0
0
0
0
0
0
0
0
0
0
0
0
0
0
0
0
0
0
0
0
0
0
0
0
0
0
0
0
0
0
0
0
0
0
0
0
0
0
0
0
0
0
0
0
0
0
0
0
0
0
0
0
0
0
0
0
0
0
0
0
0
0
0
0
0
0
0
0
0
0
0
0
0
0
0
0
0
0
0
0
0
0
0
0
0
0
0
0
0
0
0
0
0
0
0
0
0
0
0
0
0
0
0
0
0
0
0
0
0
0
0
0
0
0
0
0
0
0
0
0
0
0
0
0
0
0
0
0
0
0
0
0
0
0
0
0
0
0
0
0
0
0
0
0
0
0
0
0
0
0
0
0
0
0
0
0
0
0
0
0
0
0
0
0
0
0
0
0
0
0
0
0
0
0
0
0
0
0
0
0
0
0
0
0
0
0
0
0
0
0
0
0
0
0
0
0
0
0
0
0
0
0
0
0
0
0
0
0
0
0
0
0
0
0
0
0
0
0
0
0
0
0
0
0
0
0
0
0
0
0
0
0
0
0
0
0
0
0
0
0
0
0
0
0
0
0
0
0
0
0
0
0
0
0
0
0
0
0
0
0
0
0
0
0
0
0
0
0
0
0
0
0
0
0
0
0
0
0
0
0
0
0
0
0
0
0
0
0
0
0
0
0
0
0
0
0
0
0
0
0
0
0
0
0
0
0
0
0
0
0
0
0
0
0
0
0
0
0
0
0
0
0
0
0
0
0
0
0
0
0
0
0
0
0
0
0
0
0
0
0
0
0
0
0
0
0
0
0
0
0
0
0
0
0
0
0
0
0
0
0
0
0
0
0
0
0
0
0
0
0
0
0
0
0
0
0
0
0
0
0
0
0
0
0
0
0
0
0
0
0
0
0
0
0
0
0
0
0
0
0
0
0
0
0
0
0
0
0
0
0
0
0
0
0
0
0
0
0
0
0
0
0
0
0
0
0
0
0
0
0
0
0
0
0
0
0
0
0
0
0
0
0
0
0
0
0
0
0
0
0
0
0
0
0
0
0
0
0
0
0
0
0
0
0
0
0
0
0
0
0
0
0
0
0
0
0
0
0
0
0
0
0
0
0
0
0
0
0
0
0
0
0
0
0
0
0
0
0
0
0
0
0
0
0
0
0
0
0
0
0
0
0
0
0
0
0
0
0
0
0
0
0
0
0
0
0
0
0
0
0
0
0
0
0
0
0
0
0
0
0
0
0
0
0
0
0
0
0
0
0
0
0
0
0
0
0
0
0
0
0
0
0
0
0
0
0
0
0
0
0
0
0
0
0
0
0
0
0
0
0
0
0
0
0
0
0
0
0
0
0
0
0
0
0
0
0
0
0
0
0
0
0
0
0
0
0
0
0
0
0
0
0
0
0
0
0
0
0
0
0
0
0
0
0
0
0
0
0
0
0
0
0
0
0
0
0
0
0
0
0
0
0
0
0
0
0
0
0
0
0
0
0
0
0
0
0
0
0
0
0
0
0
0
0
0
0
0
0
0
0
0
0
0
0
0
0
0
0
0
0
0
0
0
0
0
0
0
0
0
