# Filename : 16_04_MED12_Fluor_18_25mm _apoyado_50_Centellador_Directo.Chn
# Version: -1
# MCA detector ID: 1
# Start time : 17:17:b'22'
# Start date : 16Apr241
# No channels : 1024
# Live time : 3000
# Real time : 3938
# En cal factors A + B*x + C*x*x
# A : 0.0
# B : 1.0
# C : 0.03
2
4
7
5
18
930
39902
106900
118567
108229
95904
83211
72735
63121
56858
51486
47182
43229
39680
37062
33930
31607
29050
26499
24576
23036
21119
19834
18482
17329
16179
15068
14253
13472
12755
12047
11412
10765
10186
9725
9184
8601
8400
8114
7587
7253
7052
6490
6272
6094
5739
5482
5272
5041
4920
4757
4575
4401
4144
4080
4041
3668
3549
3542
3372
3239
3078
3037
2858
2834
2774
2678
2576
2408
2360
2215
2120
2061
2066
2127
1895
1727
1759
1745
1656
1669
1556
1506
1451
1463
1362
1350
1306
1241
1180
1201
1135
1128
1077
1002
977
987
913
871
878
850
849
774
737
723
708
661
639
620
585
563
565
540
506
447
528
479
465
494
408
387
384
400
355
351
322
281
317
272
277
260
237
275
233
232
176
226
187
181
168
177
150
151
165
130
112
124
121
110
110
92
103
86
85
84
73
81
68
69
63
70
54
39
72
46
53
48
43
30
48
30
24
27
28
32
22
31
25
20
14
20
13
18
9
18
17
11
13
8
4
11
11
9
5
6
6
9
9
8
7
6
5
6
5
3
6
0
2
5
4
0
2
2
1
2
2
1
2
2
1
1
0
2
0
1
1
1
1
0
2
1
0
0
0
1
0
0
1
0
0
0
2
1
0
1
0
0
1
0
1
1
0
0
0
0
0
0
0
0
0
0
0
0
0
0
0
0
0
0
0
0
1
0
0
0
0
0
0
0
0
0
0
0
0
0
0
0
0
0
0
0
0
0
0
0
0
0
0
0
0
0
0
0
0
0
0
0
0
0
0
0
0
0
0
0
0
0
0
0
0
0
0
0
0
0
0
0
0
0
0
0
0
0
0
0
0
0
0
0
0
0
0
0
0
0
0
0
0
0
0
0
0
0
0
0
0
0
0
0
0
0
0
0
0
0
0
0
0
0
0
0
0
0
0
0
0
0
0
0
0
0
0
0
0
0
0
0
0
0
0
0
0
0
0
0
0
0
0
0
0
0
0
0
0
0
0
0
0
0
0
0
0
0
0
0
0
0
0
0
0
0
0
0
0
0
0
0
0
0
0
0
0
0
0
0
0
0
0
0
0
0
0
0
0
0
0
0
0
0
0
0
0
0
0
0
0
0
0
0
0
0
0
0
0
0
0
0
0
0
0
0
0
0
0
0
0
0
0
0
0
0
0
0
0
0
0
0
0
0
0
0
0
0
0
0
0
0
0
0
0
0
0
0
0
0
0
0
0
0
0
0
0
0
0
0
0
0
0
0
0
0
0
0
0
0
0
0
0
0
0
0
0
0
0
0
0
0
0
0
0
0
0
0
0
0
0
0
0
0
0
0
0
0
0
0
0
0
0
0
0
0
0
0
0
0
0
0
0
0
0
0
0
0
0
0
0
0
0
0
0
0
0
0
0
0
0
0
0
0
0
0
0
0
0
0
0
0
0
0
0
0
0
0
0
0
0
0
0
0
0
0
0
0
0
0
0
0
0
0
0
0
0
0
0
0
0
0
0
0
0
0
0
0
0
0
0
0
0
0
0
0
0
0
0
0
0
0
0
0
0
0
0
0
0
0
0
0
0
0
0
0
0
0
0
0
0
0
0
0
0
0
0
0
0
0
0
0
0
0
0
0
0
0
0
0
0
0
0
0
0
0
0
0
0
0
0
0
0
0
0
0
0
0
0
0
0
0
0
0
0
0
0
0
0
0
0
0
0
0
0
0
0
0
0
0
0
0
0
0
0
0
0
0
0
0
0
0
0
0
0
0
0
0
0
0
0
0
0
0
0
0
0
0
0
0
0
0
0
0
0
0
0
0
0
0
0
0
0
0
0
0
0
0
0
0
0
0
0
0
0
0
0
0
0
0
0
0
0
0
0
0
0
0
0
0
0
0
0
0
0
0
0
0
0
0
0
0
0
0
0
0
0
0
0
0
0
0
0
0
0
0
0
0
0
0
0
0
0
0
0
0
0
0
0
0
0
0
0
0
0
0
0
0
0
0
0
0
0
0
0
0
0
0
0
0
0
0
0
0
0
0
0
0
0
0
0
0
0
0
0
0
0
0
0
0
0
0
0
0
0
0
0
0
0
0
0
0
0
0
0
0
0
0
0
0
0
0
0
0
0
0
0
0
0
0
0
0
0
0
0
0
0
0
0
0
0
0
0
0
0
0
0
0
0
0
0
0
0
0
0
0
0
0
0
0
0
0
0
0
0
0
0
0
0
0
0
0
0
0
0
0
0
0
0
0
0
0
0
0
0
0
0
0
0
0
0
0
0
0
0
0
0
0
0
0
0
0
0
0
0
0
0
0
0
0
0
0
0
0
0
0
0
0
0
0
0
0
0
0
0
0
0
0
0
0
0
0
0
0
0
0
0
0
0
0
0
0
1
