# Filename : 16_04_MED13_Fluor_18_12mm _apoyado_50_Centellador_Directo.Chn
# Version: -1
# MCA detector ID: 1
# Start time : 17:17:b'35'
# Start date : 16Apr241
# No channels : 1024
# Live time : 3000
# Real time : 4390
# En cal factors A + B*x + C*x*x
# A : 0.0
# B : 1.0
# C : 0.03
9
7
7
24
70
1636
61746
165135
185327
171600
152047
132324
115789
101924
90637
82315
74696
68890
63433
58572
54159
49297
45481
42081
38678
35829
33383
31034
28893
27153
25367
23689
22429
20984
19772
18380
17729
16785
15655
14780
13919
13178
12767
12054
11630
10995
10520
9876
9666
9279
8785
8389
8123
7708
7353
7077
6956
6512
6423
6175
5775
5653
5389
5237
5084
4836
4667
4474
4375
4233
4139
3916
3749
3690
3555
3373
3405
3250
3126
2964
2908
2725
2712
2541
2494
2431
2434
2308
2218
2186
2063
2080
1936
1856
1815
1740
1702
1678
1692
1498
1540
1526
1283
1347
1295
1282
1212
1108
1126
1054
1051
1096
972
942
898
882
908
846
822
729
745
726
719
691
630
614
608
569
561
540
453
503
488
478
414
373
388
396
367
357
329
328
327
289
291
270
294
273
226
234
222
181
200
178
188
169
175
166
171
158
138
157
124
140
116
117
104
97
107
102
89
76
82
63
69
78
67
48
70
60
58
47
40
49
38
43
31
30
33
34
26
22
31
26
23
21
25
23
31
24
16
11
15
15
19
9
10
9
7
14
9
6
10
4
9
10
4
7
7
5
6
10
3
3
6
4
4
3
3
1
3
1
3
1
0
1
1
2
4
2
2
1
0
1
1
2
1
1
0
0
0
2
1
0
1
1
1
1
0
1
1
0
0
1
0
1
1
0
0
0
0
0
1
0
0
1
0
0
1
0
0
1
0
0
0
0
0
0
0
0
0
0
0
0
0
0
0
0
0
0
0
0
0
1
0
0
0
0
0
0
0
0
0
0
0
0
0
0
0
0
0
0
0
0
0
0
0
0
0
0
0
0
0
0
0
0
0
0
0
0
0
0
0
0
0
1
0
0
0
0
0
0
0
0
0
0
0
0
0
0
0
0
0
0
0
0
0
0
0
0
0
0
0
0
0
0
0
0
0
0
0
0
0
0
0
0
0
0
0
0
0
0
0
0
0
0
0
0
0
0
0
0
0
0
0
0
0
0
0
0
0
0
0
0
0
0
0
0
0
0
0
0
0
0
0
0
0
0
0
0
0
0
0
0
0
0
0
0
0
0
0
0
0
0
0
0
0
0
0
0
0
0
0
0
0
0
0
0
0
0
0
0
0
0
0
0
0
0
0
0
0
0
0
0
0
0
0
0
0
0
0
0
0
0
0
0
0
0
0
0
0
0
0
0
0
0
0
0
0
0
0
0
0
0
0
0
0
0
0
0
0
0
0
0
0
0
0
0
0
0
0
0
0
0
0
0
0
0
0
0
0
0
0
0
0
0
0
0
0
0
0
0
0
0
0
0
0
0
0
0
0
0
0
0
0
0
0
0
0
0
0
0
0
0
0
0
0
0
0
0
0
0
0
0
0
0
0
0
0
0
0
0
0
0
0
0
0
0
0
0
0
0
0
0
0
0
0
0
0
0
0
0
0
0
0
0
0
0
0
0
0
0
0
0
0
0
0
0
0
0
0
0
0
0
0
0
0
0
0
0
0
0
0
0
0
0
0
0
0
0
0
0
0
0
0
0
0
0
0
0
0
0
0
0
0
0
0
0
0
0
0
0
0
0
0
0
0
0
0
0
0
0
0
0
0
0
0
0
0
0
0
0
0
0
0
0
0
0
0
0
0
0
0
0
0
0
0
0
0
0
0
0
0
0
0
0
0
0
0
0
0
0
0
0
0
0
0
0
0
0
0
0
0
0
0
0
0
0
0
0
0
0
0
0
0
0
0
0
0
0
0
0
0
0
0
0
0
0
0
0
0
0
0
0
0
0
0
0
0
0
0
0
0
0
0
0
0
0
0
0
0
0
0
0
0
0
0
0
0
0
0
0
0
0
0
0
0
0
0
0
0
0
0
0
0
0
0
0
0
0
0
0
0
0
0
0
0
0
0
0
0
0
0
0
0
0
0
0
0
0
0
0
0
0
0
0
0
0
0
0
0
0
0
0
0
0
0
0
0
0
0
0
0
0
0
0
0
0
0
0
0
0
0
0
0
0
0
0
0
0
0
0
0
0
0
0
0
0
0
0
0
0
0
0
0
0
0
0
0
0
0
0
0
0
0
0
0
0
0
0
0
0
0
0
0
0
0
0
0
0
0
0
0
0
0
0
0
0
0
0
0
0
0
0
0
0
0
0
0
0
0
0
0
0
0
0
0
0
0
0
0
0
0
0
0
0
0
0
0
0
0
0
0
0
0
0
0
0
0
0
0
0
0
0
0
0
0
0
0
0
0
0
0
0
0
0
0
0
0
0
0
0
0
0
0
0
0
0
0
0
0
0
0
0
0
0
0
0
0
0
0
0
0
0
0
0
0
0
0
0
0
0
0
0
0
0
0
0
0
0
0
0
0
0
0
0
0
0
0
0
0
0
0
