1571
3128
6271
13030
28509
80313
401900
996246
1181474
1158896
1096394
1022524
947007
879642
823962
779841
740333
704708
672727
642745
613192
583941
557408
531106
506122
483261
462564
442255
422864
404317
387327
370079
355059
341195
326296
312823
298792
287680
277080
265788
254813
245945
235724
227119
218497
209593
202081
195286
187339
181033
173762
168304
162666
156360
151016
145025
140274
135310
131068
126482
121862
118449
114133
110242
106876
102400
99841
96784
93023
89876
87156
83987
81491
79233
76982
74008
71800
69624
67550
65480
63035
61001
59310
57436
55217
53891
52130
50356
49185
47377
46356
44155
43215
41683
40362
39165
38149
36513
35446
34592
33294
32113
31289
30021
29218
28740
27652
26658
25978
24759
24082
23280
22431
21748
21278
20481
19910
19287
18350
17880
17315
16595
16221
15521
14998
14445
14010
13677
13136
12629
12426
12057
11403
11021
10607
10122
9908
9479
9265
8753
8530
8236
7875
7650
7365
7063
6776
6561
6250
5991
5743
5723
5471
5283
4976
4753
4627
4445
4208
4003
3901
3771
3673
3523
3312
3185
3075
2825
2844
2708
2579
2430
2307
2239
2216
2051
2030
1887
1883
1732
1565
1542
1489
1430
1317
1364
1314
1172
1197
1140
1068
1004
939
898
865
842
798
798
756
724
649
627
629
593
516
533
524
481
471
475
447
405
427
370
363
360
274
312
312
297
249
256
213
240
222
200
190
174
173
182
168
168
148
160
138
127
143
126
131
109
92
82
111
94
96
92
76
66
63
73
84
61
62
60
52
63
38
40
57
43
38
49
39
43
38
40
33
35
22
32
24
27
19
22
18
20
19
13
14
13
22
13
13
25
14
8
15
10
15
8
7
7
9
12
10
9
6
9
10
11
6
12
4
10
5
9
2
1
4
10
5
6
2
3
6
4
6
5
2
2
3
5
4
5
5
3
3
0
1
3
2
3
5
1
3
5
1
0
0
2
1
1
2
0
2
0
2
1
1
3
0
1
1
0
0
0
0
1
1
0
0
0
1
0
1
0
0
1
1
2
1
0
0
0
0
0
0
0
1
0
0
0
0
0
0
0
0
0
0
0
0
0
0
0
0
3
0
0
1
0
1
0
0
0
0
1
0
0
0
0
0
0
0
0
0
0
0
0
0
0
0
0
0
0
0
0
0
0
0
0
0
0
0
0
0
0
0
0
0
0
0
0
0
0
0
0
0
0
0
0
0
0
0
0
0
0
0
0
0
0
0
0
0
0
0
0
0
0
0
0
0
0
0
0
0
0
0
0
0
0
0
0
0
0
0
0
0
0
0
0
0
0
0
0
0
0
0
0
0
0
0
1
0
0
0
0
0
0
0
0
0
0
0
0
0
0
0
0
0
0
0
0
0
0
0
0
0
0
0
0
0
0
0
0
0
0
0
0
0
0
0
0
0
0
0
0
0
0
0
0
0
0
0
0
0
0
0
0
0
0
0
0
0
0
0
0
0
0
0
0
0
0
0
0
0
0
0
0
0
0
0
0
0
0
0
0
0
0
0
0
0
0
0
0
0
0
0
0
0
0
0
0
0
0
0
0
0
0
0
0
0
0
0
0
0
0
0
0
0
0
0
0
0
0
0
0
0
0
0
0
0
0
0
0
0
0
0
0
0
0
0
0
0
0
0
0
0
0
0
0
0
0
0
0
0
0
0
0
0
0
0
0
0
0
0
0
0
0
0
0
0
0
0
0
0
0
0
0
0
0
0
0
0
0
0
0
0
0
0
0
0
0
0
0
0
0
0
0
0
0
0
0
0
0
0
0
0
0
0
0
0
0
0
0
0
0
0
0
0
0
0
0
0
0
0
0
0
0
0
0
0
0
0
0
0
0
0
0
0
0
0
0
0
0
0
0
0
0
0
0
0
0
0
0
0
0
0
0
0
0
0
0
0
0
0
0
0
0
0
0
0
0
0
0
0
0
0
0
0
0
0
0
0
0
0
0
0
0
0
0
0
0
0
0
0
0
0
0
0
0
0
0
0
0
0
0
0
0
0
0
0
0
0
0
0
0
0
0
0
0
0
0
0
0
0
0
0
0
0
0
0
0
0
0
0
0
0
0
0
0
0
0
0
0
0
0
0
0
0
0
0
0
0
0
0
0
0
0
0
0
0
0
0
0
0
0
0
0
0
0
0
0
0
0
0
0
0
0
0
0
0
0
0
0
0
0
0
0
0
0
0
0
0
0
0
0
0
0
0
0
0
0
0
0
0
0
0
0
0
0
0
0
0
0
0
0
0
0
0
0
0
0
0
0
0
0
0
0
0
0
0
0
0
0
0
0
0
0
0
0
0
0
0
0
0
0
0
0
0
0
0
0
0
0
0
0
0
0
0
0
0
0
0
0
0
0
0
0
0
0
0
0
0
0
0
0
0
0
0
0
0
0
0
0
0
0
0
0
0
0
0
0
0
0
0
0
0
0
0
0
0
0
0
0
0
0
0
0
0
0
0
0
0
0
0
0
1
1
2
21
56
144
374
