1608
2993
6282
12525
25521
56933
149253
572600
1332648
1600728
1590442
1533229
1445571
1353534
1263896
1189027
1121976
1066860
1020184
975877
930622
891628
848936
812655
771718
737854
704236
670852
643144
616099
588065
562254
539319
515168
493512
473266
454092
435362
417031
400790
384842
369648
354799
341087
328335
316359
302864
292269
280811
270306
260567
251954
242817
233385
225628
217085
209499
201734
194485
189362
182417
175928
170127
163658
159147
153405
148961
143674
139046
134939
129700
126142
121178
116903
114348
110049
107632
103445
100756
97260
93970
90772
88315
85834
83138
80874
77878
76023
73087
71047
69142
66812
64555
62907
60910
59584
57259
55218
53988
52314
50101
48776
47451
45760
44464
42948
41724
41027
39270
38244
37305
36004
34686
33442
32638
31717
30940
29617
28783
27971
26806
25607
25264
24291
23437
22683
22081
21353
20869
19722
19434
18850
18078
17432
16589
16350
15781
15278
14578
14379
13701
13102
12936
12391
11864
11558
11135
10827
10234
9857
9723
9343
8769
8472
8348
7950
7687
7324
7153
6790
6524
6259
5996
5914
5625
5347
5181
4998
4922
4644
4438
4123
4062
4050
3875
3713
3425
3409
3250
3085
2876
2856
2596
2622
2592
2386
2273
2267
2135
2065
1945
1863
1708
1696
1650
1584
1508
1474
1365
1343
1207
1223
1177
1094
1057
988
999
911
846
830
767
751
761
739
716
626
662
582
581
521
498
485
466
450
427
435
413
360
403
379
325
341
316
295
293
239
241
246
242
220
212
190
189
171
175
179
162
168
168
137
136
123
132
136
135
120
106
91
94
71
97
90
79
74
84
86
82
60
73
61
75
49
58
54
41
44
47
54
39
46
31
35
40
30
32
34
37
21
22
34
23
19
23
18
19
10
25
27
19
17
10
12
10
11
13
14
10
19
14
7
10
11
6
9
6
4
7
9
10
9
5
9
9
6
8
6
6
3
5
3
4
3
7
3
6
2
3
4
2
0
1
2
2
7
3
3
2
1
3
2
2
6
0
1
1
4
2
1
1
2
1
1
4
0
1
0
1
0
0
0
1
0
1
1
1
3
0
1
1
0
0
1
0
1
0
0
0
0
2
0
0
0
0
1
0
0
1
0
0
0
0
0
0
0
0
0
1
0
0
0
0
0
0
0
0
0
0
0
0
0
0
0
0
0
0
0
0
0
0
0
0
0
0
0
0
0
0
0
0
0
0
0
0
0
0
0
0
0
0
0
0
0
0
0
0
0
0
0
0
0
0
0
0
0
0
0
0
0
0
0
0
0
0
0
0
0
0
0
0
0
0
0
0
0
0
0
0
0
0
0
0
0
0
0
0
0
0
0
0
0
0
0
0
0
0
0
0
0
0
0
0
0
0
0
0
0
0
0
0
0
0
0
0
0
0
0
0
0
0
0
0
0
0
0
0
0
0
0
0
0
0
0
0
0
0
0
0
0
0
0
0
0
0
0
0
0
0
0
0
0
0
0
0
0
0
0
0
0
0
0
0
0
0
0
0
0
0
0
0
0
0
0
0
0
0
0
0
0
0
0
0
0
0
0
0
0
0
0
0
0
0
0
0
0
0
0
0
0
0
0
0
0
0
0
0
0
0
0
0
0
0
0
0
0
0
0
0
0
0
0
0
0
0
0
0
0
0
0
0
0
0
0
0
0
0
0
0
0
0
0
0
0
0
0
0
0
0
0
0
0
0
0
0
0
0
0
0
0
0
0
0
0
0
0
0
0
0
0
0
0
0
0
0
0
0
0
0
0
0
0
0
0
0
0
0
0
0
0
0
0
0
0
0
0
0
0
0
0
0
0
0
0
0
0
0
0
0
0
0
0
0
0
0
0
0
0
0
0
0
0
0
0
0
0
0
0
0
0
0
0
0
0
0
0
0
0
0
0
0
0
0
0
0
0
0
0
0
0
0
0
0
0
0
0
0
0
0
0
0
0
0
0
0
0
0
0
0
0
0
0
0
0
0
0
0
0
0
0
0
0
0
0
0
0
0
0
0
0
0
0
0
0
0
0
0
0
0
0
0
0
0
0
0
0
0
0
0
0
0
0
0
0
0
0
0
0
0
0
0
0
0
0
0
0
0
0
0
0
0
0
0
0
0
0
0
0
0
0
0
0
0
0
0
0
0
0
0
0
0
0
0
0
0
0
0
0
0
0
0
0
0
0
0
0
0
0
0
0
0
0
0
0
0
0
0
0
0
0
0
0
0
0
0
0
0
0
0
0
0
0
0
0
0
0
0
0
0
0
0
0
0
0
0
0
0
0
0
0
0
0
0
0
0
0
0
0
0
0
0
0
0
0
0
0
0
0
0
0
0
0
0
0
0
0
0
0
0
0
0
0
0
0
0
0
0
0
0
0
0
0
0
0
0
0
0
0
0
0
0
0
0
0
0
0
0
0
0
0
0
0
0
0
0
0
0
0
0
0
0
0
0
0
0
0
0
0
0
0
0
0
0
0
